Distance from Earth (LD)	Error	Velocity (km/s)
0.05	0.00014	1.44
0.06	0.00016	1.44
0.11	0.00027	1.64
0.13	0.00034	2.05
0.13	0.00035	2.16
0.15	0.00038	2.26
0.16	0.00042	2.33
0.18	0.00047	2.34
0.19	0.00048	2.48
0.19	0.00048	2.68
0.2	0.0005	2.69
0.23	0.00058	2.81
0.23	0.00058	2.82
0.25	0.00063	2.89
0.28	0.00073	3.2
0.33	0.00086	3.23
0.33	0.00086	3.3
0.34	0.00086	3.31
0.35	0.00089	3.31
0.36	0.00092	3.34
0.38	0.00097	3.35
0.39	0.001	3.4
0.42	0.00109	3.41
0.47	0.0012	3.45
0.47	0.0012	3.51
0.5	0.00127	3.52
0.5	0.00129	3.53
0.52	0.00133	3.55
0.53	0.00136	3.57
0.54	0.00139	3.58
0.56	0.00145	3.7
0.58	0.00149	3.76
0.59	0.00151	3.77
0.69	0.00177	3.81
0.69	0.00178	3.87
0.7	0.00179	3.88
0.7	0.0018	4.04
0.74	0.00191	4.07
0.8	0.00205	4.2
0.82	0.0021	4.26
0.82	0.00212	4.27
0.86	0.00222	4.28
0.86	0.0022	4.31
0.91	0.00235	4.32
0.91	0.00235	4.33
0.92	0.00236	4.39
0.94	0.00243	4.42
1	0.00257	4.45
1.01	0.00258	4.47
1.02	0.00263	4.51
1.03	0.00264	4.52
1.03	0.00265	4.55
1.12	0.00287	4.6
1.13	0.00289	4.6
1.18	0.00304	4.65
1.19	0.00305	4.68
1.22	0.00313	4.68
1.22	0.00314	4.69
1.23	0.00317	4.69
1.23	0.00315	4.75
1.23	0.00317	4.78
1.26	0.00323	4.79
1.28	0.00329	4.82
1.29	0.00332	4.85
1.3	0.00334	4.86
1.32	0.00338	4.87
1.33	0.00341	4.9
1.34	0.00344	4.91
1.35	0.00346	4.93
1.38	0.00356	4.93
1.46	0.00375	4.97
1.46	0.00376	4.99
1.47	0.00377	5.01
1.47	0.00378	5.02
1.47	0.00379	5.02
1.48	0.0038	5.02
1.48	0.00381	5.03
1.53	0.00393	5.08
1.54	0.00396	5.11
1.57	0.00404	5.14
1.62	0.00416	5.15
1.63	0.00418	5.24
1.63	0.00419	5.31
1.65	0.00424	5.35
1.66	0.00426	5.37
1.69	0.00434	5.38
1.7	0.00437	5.4
1.72	0.00441	5.42
1.73	0.00445	5.42
1.73	0.00444	5.42
1.74	0.00447	5.47
1.79	0.0046	5.47
1.81	0.00466	5.47
1.81	0.00465	5.48
1.82	0.00468	5.49
1.86	0.00479	5.49
1.86	0.00477	5.51
1.9	0.00489	5.55
1.95	0.00502	5.57
1.96	0.00503	5.59
1.98	0.0051	5.63
1.98	0.00509	5.63
1.99	0.00512	5.65
2.04	0.00524	5.68
2.09	0.00536	5.68
2.1	0.0054	5.69
2.11	0.00542	5.7
2.14	0.00549	5.7
2.15	0.00551	5.7
2.16	0.00556	5.71
2.18	0.0056	5.72
2.19	0.00564	5.76
2.19	0.00562	5.78
2.21	0.00568	5.78
2.23	0.00574	5.81
2.27	0.00584	5.82
2.29	0.0059	5.83
2.3	0.00591	5.83
2.32	0.00596	5.89
2.33	0.00599	5.89
2.34	0.00601	5.93
2.34	0.00602	5.95
2.34	0.00602	5.95
2.36	0.00607	5.95
2.37	0.00609	5.96
2.38	0.00612	5.97
2.39	0.00614	5.99
2.44	0.00627	5.99
2.45	0.0063	6
2.48	0.00637	6.02
2.49	0.00639	6.02
2.5	0.00644	6.03
2.52	0.00647	6.08
2.52	0.00648	6.08
2.53	0.0065	6.11
2.55	0.00655	6.11
2.56	0.00659	6.13
2.56	0.00658	6.13
2.57	0.00659	6.16
2.57	0.00661	6.19
2.57	0.00659	6.24
2.57	0.00661	6.25
2.59	0.00665	6.29
2.6	0.00668	6.29
2.61	0.0067	6.29
2.69	0.00691	6.3
2.73	0.00703	6.33
2.78	0.00714	6.35
2.81	0.00723	6.35
2.88	0.0074	6.36
2.88	0.0074	6.39
2.89	0.00741	6.39
2.93	0.00753	6.42
2.94	0.00756	6.43
2.97	0.00764	6.46
3.02	0.00777	6.46
3.02	0.00777	6.52
3.04	0.00781	6.52
3.05	0.00784	6.53
3.07	0.00788	6.58
3.08	0.00792	6.6
3.09	0.00793	6.62
3.11	0.00799	6.63
3.15	0.00808	6.67
3.16	0.00812	6.67
3.19	0.00819	6.7
3.22	0.00828	6.76
3.29	0.00845	6.77
3.31	0.00851	6.78
3.32	0.00853	6.83
3.33	0.00855	6.84
3.33	0.00854	6.89
3.35	0.00861	6.91
3.35	0.00862	6.91
3.36	0.00863	6.92
3.4	0.00875	6.93
3.42	0.00879	6.93
3.45	0.00886	6.94
3.57	0.00916	6.95
3.58	0.0092	6.95
3.6	0.00926	6.97
3.61	0.00927	6.97
3.61	0.00927	7
3.61	0.00928	7
3.62	0.0093	7.02
3.72	0.00956	7.04
3.77	0.0097	7.05
3.78	0.00972	7.06
3.83	0.00983	7.08
3.83	0.00985	7.08
3.91	0.01005	7.1
3.92	0.01008	7.11
3.94	0.01012	7.12
4.01	0.01031	7.12
4.04	0.01039	7.14
4.07	0.01046	7.17
4.09	0.01052	7.18
4.09	0.01051	7.18
4.12	0.0106	7.19
4.12	0.01059	7.19
4.14	0.01064	7.21
4.15	0.01067	7.21
4.16	0.0107	7.22
4.18	0.01074	7.22
4.19	0.01076	7.28
4.2	0.01079	7.29
4.23	0.01088	7.3
4.24	0.0109	7.3
4.27	0.01098	7.32
4.31	0.01108	7.33
4.33	0.01112	7.34
4.35	0.01118	7.37
4.38	0.01126	7.37
4.4	0.01131	7.38
4.42	0.01137	7.41
4.42	0.01135	7.43
4.42	0.01135	7.44
4.42	0.01136	7.46
4.43	0.01139	7.48
4.44	0.01141	7.48
4.44	0.01141	7.49
4.45	0.01144	7.49
4.48	0.0115	7.5
4.51	0.01159	7.51
4.55	0.01169	7.52
4.57	0.01174	7.53
4.57	0.01175	7.55
4.57	0.01175	7.56
4.61	0.01185	7.56
4.62	0.01188	7.59
4.63	0.01191	7.59
4.65	0.01195	7.62
4.68	0.01201	7.65
4.69	0.01205	7.67
4.69	0.01204	7.68
4.78	0.01228	7.69
4.83	0.01242	7.69
4.84	0.01244	7.7
4.85	0.01247	7.7
4.86	0.01248	7.71
4.87	0.01251	7.71
4.9	0.01258	7.72
4.93	0.01267	7.72
4.94	0.01269	7.72
4.94	0.0127	7.72
4.95	0.01273	7.74
4.99	0.01282	7.77
5	0.01285	7.78
5.02	0.01291	7.78
5.06	0.01299	7.8
5.08	0.01306	7.81
5.09	0.01307	7.82
5.21	0.01339	7.84
5.21	0.0134	7.84
5.21	0.01339	7.9
5.23	0.01343	7.92
5.23	0.01343	7.92
5.24	0.01347	7.94
5.24	0.01347	7.94
5.29	0.01358	7.94
5.35	0.01375	7.95
5.38	0.01382	7.98
5.43	0.01395	7.98
5.47	0.01407	7.98
5.5	0.01413	7.99
5.5	0.01414	8
5.52	0.01418	8
5.56	0.01428	8.01
5.57	0.01432	8.02
5.61	0.01442	8.02
5.65	0.01451	8.06
5.66	0.01454	8.08
5.66	0.01455	8.09
5.67	0.01458	8.1
5.67	0.01457	8.1
5.7	0.01465	8.13
5.71	0.01466	8.13
5.71	0.01466	8.13
5.75	0.01477	8.14
5.75	0.01477	8.16
5.77	0.01483	8.17
5.79	0.01488	8.17
5.82	0.01495	8.17
5.84	0.01502	8.18
5.85	0.01502	8.18
5.85	0.01503	8.18
5.86	0.01507	8.19
5.88	0.01512	8.2
5.89	0.01512	8.21
5.9	0.01516	8.21
6	0.01542	8.22
6.06	0.01557	8.22
6.12	0.01573	8.27
6.12	0.01572	8.27
6.13	0.01575	8.29
6.14	0.01577	8.29
6.15	0.01581	8.29
6.16	0.01583	8.33
6.17	0.01586	8.36
6.17	0.01586	8.38
6.17	0.01585	8.4
6.22	0.01598	8.41
6.23	0.016	8.42
6.26	0.0161	8.43
6.3	0.01618	8.43
6.35	0.01632	8.43
6.36	0.01634	8.46
6.38	0.01638	8.46
6.39	0.01642	8.48
6.4	0.01645	8.5
6.4	0.01644	8.52
6.46	0.0166	8.52
6.49	0.01669	8.52
6.49	0.01668	8.53
6.49	0.01667	8.53
6.51	0.01673	8.53
6.55	0.01682	8.53
6.55	0.01682	8.54
6.56	0.01686	8.57
6.59	0.01692	8.59
6.63	0.01702	8.62
6.64	0.01706	8.62
6.65	0.01709	8.64
6.69	0.01719	8.64
6.69	0.0172	8.64
6.71	0.01725	8.64
6.73	0.01728	8.65
6.74	0.01732	8.68
6.78	0.01742	8.7
6.86	0.01763	8.71
6.94	0.01784	8.72
6.94	0.01784	8.72
6.95	0.01785	8.72
7	0.01799	8.73
7.04	0.01809	8.75
7.08	0.01819	8.78
7.1	0.01824	8.8
7.11	0.01827	8.8
7.12	0.0183	8.81
7.12	0.01829	8.86
7.16	0.01841	8.86
7.16	0.01841	8.87
7.2	0.01849	8.87
7.2	0.0185	8.91
7.22	0.01854	8.92
7.23	0.01858	8.92
7.25	0.01863	8.93
7.26	0.01865	8.96
7.28	0.0187	8.98
7.29	0.01874	8.99
7.32	0.01881	9.01
7.33	0.01884	9.03
7.34	0.01885	9.05
7.37	0.01893	9.06
7.37	0.01894	9.06
7.38	0.01897	9.06
7.42	0.01907	9.07
7.43	0.01909	9.13
7.43	0.01909	9.18
7.46	0.01918	9.19
7.46	0.01917	9.19
7.59	0.01951	9.2
7.6	0.01953	9.2
7.61	0.01956	9.23
7.63	0.01961	9.24
7.68	0.01973	9.26
7.7	0.01978	9.26
7.7	0.01979	9.27
7.7	0.01978	9.3
7.72	0.01985	9.33
7.77	0.01996	9.35
7.85	0.02017	9.35
7.86	0.0202	9.36
7.87	0.02023	9.37
7.88	0.02024	9.38
7.89	0.02028	9.41
7.93	0.02037	9.44
7.95	0.02044	9.47
7.96	0.02045	9.48
8	0.02057	9.48
8.08	0.02076	9.48
8.17	0.02099	9.52
8.18	0.02101	9.52
8.18	0.02102	9.53
8.19	0.02104	9.53
8.22	0.02113	9.53
8.27	0.02125	9.59
8.29	0.02131	9.6
8.31	0.02136	9.61
8.34	0.02143	9.63
8.34	0.02143	9.65
8.38	0.02154	9.68
8.4	0.02158	9.7
8.41	0.0216	9.72
8.47	0.02178	9.76
8.49	0.02182	9.76
8.49	0.02181	9.77
8.56	0.02198	9.78
8.6	0.0221	9.79
8.64	0.0222	9.79
8.66	0.02226	9.81
8.68	0.02231	9.83
8.69	0.02234	9.84
8.69	0.02233	9.86
8.7	0.02236	9.86
8.73	0.02243	9.87
8.73	0.02243	9.87
8.75	0.02248	9.88
8.76	0.02251	9.91
8.77	0.02254	9.93
8.8	0.02261	9.95
8.83	0.02269	9.96
8.88	0.02281	9.96
8.9	0.02286	9.98
8.94	0.02298	10
8.94	0.02298	10.02
8.95	0.02299	10.03
8.97	0.02306	10.05
8.99	0.02309	10.07
9.02	0.02317	10.09
9.04	0.02323	10.11
9.04	0.02323	10.12
9.07	0.0233	10.18
9.08	0.02333	10.2
9.29	0.02388	10.2
9.39	0.02413	10.21
9.42	0.0242	10.27
9.43	0.02424	10.27
9.47	0.02433	10.31
9.51	0.02443	10.33
9.51	0.02443	10.34
9.56	0.02457	10.35
9.57	0.02458	10.36
9.61	0.0247	10.36
9.64	0.02478	10.36
9.71	0.02494	10.36
9.73	0.02501	10.37
9.74	0.02504	10.39
9.75	0.02506	10.4
9.79	0.02517	10.42
9.81	0.0252	10.42
9.81	0.0252	10.44
9.85	0.02531	10.44
9.88	0.02538	10.45
9.92	0.02549	10.45
9.98	0.02563	10.46
9.99	0.02566	10.48
10.01	0.02572	10.49
10.05	0.02582	10.51
10.06	0.02586	10.51
10.08	0.02589	10.55
10.12	0.026	10.56
10.21	0.02624	10.56
10.21	0.02624	10.57
10.22	0.02626	10.59
10.24	0.0263	10.6
10.27	0.02639	10.62
10.29	0.02645	10.64
10.3	0.02646	10.65
10.32	0.02651	10.65
10.33	0.02654	10.67
10.4	0.02673	10.67
10.42	0.02677	10.68
10.43	0.02679	10.71
10.46	0.02689	10.75
10.47	0.02691	10.75
10.51	0.02701	10.76
10.57	0.02717	10.77
10.57	0.02715	10.77
10.59	0.02721	10.78
10.64	0.02733	10.78
10.68	0.02743	10.8
10.71	0.02753	10.89
10.73	0.02757	10.89
10.76	0.02764	10.89
10.76	0.02764	10.95
10.81	0.02777	10.96
10.86	0.02791	10.98
10.88	0.02796	10.98
10.89	0.02797	11.01
10.92	0.02805	11.06
10.92	0.02806	11.08
10.95	0.02813	11.09
10.96	0.02816	11.1
11.02	0.02831	11.13
11.03	0.02834	11.14
11.06	0.02843	11.15
11.09	0.0285	11.2
11.09	0.02849	11.23
11.21	0.02881	11.24
11.23	0.02886	11.25
11.24	0.02889	11.26
11.26	0.02893	11.32
11.32	0.0291	11.35
11.34	0.02914	11.36
11.34	0.02913	11.38
11.35	0.02916	11.41
11.41	0.02932	11.44
11.46	0.02946	11.48
11.48	0.0295	11.53
11.48	0.02951	11.57
11.53	0.02963	11.57
11.54	0.02966	11.58
11.61	0.02983	11.58
11.68	0.03001	11.58
11.7	0.03005	11.59
11.76	0.03021	11.62
11.77	0.03024	11.62
11.86	0.03046	11.65
11.89	0.03055	11.65
11.9	0.03059	11.67
11.96	0.03074	11.68
11.98	0.03078	11.73
12.03	0.03092	11.74
12.06	0.031	11.74
12.06	0.031	11.75
12.08	0.03104	11.85
12.1	0.03109	11.86
12.1	0.0311	11.91
12.18	0.03129	11.92
12.18	0.0313	11.92
12.18	0.03131	11.94
12.2	0.03135	11.94
12.24	0.03145	11.97
12.27	0.03152	11.99
12.32	0.03165	11.99
12.35	0.03174	12
12.36	0.03176	12.11
12.4	0.03186	12.14
12.4	0.03187	12.16
12.43	0.03194	12.17
12.46	0.03202	12.18
12.5	0.03213	12.2
12.5	0.03212	12.2
12.54	0.03223	12.28
12.63	0.03246	12.29
12.63	0.03245	12.31
12.65	0.0325	12.32
12.65	0.03249	12.35
12.66	0.03252	12.35
12.67	0.03256	12.38
12.69	0.0326	12.4
12.77	0.03282	12.43
12.8	0.0329	12.47
12.81	0.03291	12.47
12.82	0.03294	12.63
12.83	0.03296	12.67
12.83	0.03297	12.68
12.84	0.03298	12.71
12.91	0.03317	12.74
12.94	0.03326	12.75
12.97	0.03333	12.78
12.98	0.03335	12.84
13.07	0.0336	12.86
13.11	0.03369	12.88
13.12	0.0337	12.89
13.13	0.03373	12.91
13.15	0.0338	12.95
13.16	0.03381	12.95
13.17	0.03385	12.99
13.18	0.03386	13.01
13.27	0.03409	13.03
13.3	0.03419	13.12
13.33	0.03426	13.12
13.38	0.03439	13.15
13.39	0.03441	13.24
13.46	0.03458	13.25
13.46	0.03458	13.26
13.48	0.03463	13.29
13.5	0.0347	13.41
13.53	0.03478	13.44
13.53	0.03477	13.44
13.53	0.03477	13.45
13.58	0.0349	13.45
13.62	0.03499	13.48
13.69	0.03518	13.52
13.72	0.03525	13.53
13.75	0.03532	13.57
13.77	0.03537	13.58
13.78	0.03541	13.59
13.79	0.03544	13.62
13.79	0.03543	13.66
13.86	0.03561	13.67
13.88	0.03566	13.7
13.93	0.03579	13.74
13.96	0.03587	13.75
14.04	0.03609	13.82
14.05	0.03612	13.82
14.17	0.03641	13.87
14.32	0.03681	13.9
14.32	0.0368	13.9
14.36	0.03691	13.93
14.38	0.03694	13.94
14.42	0.03705	13.95
14.48	0.0372	13.97
14.48	0.03721	13.98
14.56	0.0374	14.05
14.56	0.03741	14.08
14.58	0.03746	14.09
14.58	0.03747	14.09
14.62	0.03757	14.14
14.63	0.03758	14.16
14.68	0.03772	14.18
14.72	0.03783	14.46
14.73	0.03786	14.48
14.74	0.03786	14.52
14.75	0.03791	14.54
14.8	0.03802	14.59
14.84	0.03812	14.63
14.86	0.03819	14.64
14.92	0.03833	14.68
14.95	0.03841	14.68
14.97	0.03847	14.69
14.99	0.03852	14.8
15.01	0.03857	14.81
15.03	0.03862	14.82
15.06	0.0387	14.83
15.1	0.03881	14.86
15.11	0.03884	14.86
15.16	0.03896	14.92
15.16	0.03896	14.93
15.21	0.0391	15.01
15.21	0.03907	15.04
15.23	0.03914	15.11
15.23	0.03913	15.13
15.24	0.03915	15.15
15.25	0.03918	15.17
15.25	0.03918	15.24
15.32	0.03937	15.26
15.33	0.03939	15.31
15.48	0.03978	15.32
15.48	0.03978	15.33
15.53	0.0399	15.42
15.55	0.03996	15.43
15.55	0.03995	15.46
15.57	0.04002	15.51
15.63	0.04016	15.52
15.68	0.04029	15.61
15.72	0.04038	15.65
15.75	0.04048	15.7
15.75	0.04048	15.77
15.77	0.04053	15.79
15.77	0.04052	15.79
15.77	0.04051	15.81
15.77	0.04053	15.85
15.78	0.04054	15.86
15.8	0.04061	15.87
15.87	0.04077	15.91
15.9	0.04086	15.96
15.94	0.04095	15.98
16.01	0.04113	15.99
16.04	0.04122	16.01
16.07	0.04128	16.08
16.09	0.04134	16.1
16.1	0.04136	16.22
16.15	0.04151	16.27
16.15	0.04149	16.28
16.16	0.04153	16.43
16.19	0.0416	16.47
16.21	0.04165	16.55
16.25	0.04175	16.65
16.35	0.04203	16.73
16.41	0.04216	16.93
16.41	0.04217	16.94
16.42	0.04219	16.95
16.5	0.04241	17.04
16.61	0.04268	17.09
16.67	0.04284	17.1
16.69	0.04288	17.12
16.7	0.04291	17.13
16.73	0.04298	17.15
16.77	0.04308	17.22
16.83	0.04326	17.29
16.85	0.04331	17.37
16.87	0.04334	17.38
16.91	0.04345	17.38
16.93	0.04351	17.39
16.99	0.04367	17.4
17.03	0.04376	17.57
17.1	0.04393	17.58
17.12	0.04399	17.6
17.2	0.04421	17.63
17.21	0.04423	17.64
17.28	0.04441	17.68
17.29	0.04443	17.72
17.33	0.04453	17.9
17.36	0.0446	17.94
17.36	0.04461	17.97
17.38	0.04465	18.06
17.42	0.04475	18.06
17.44	0.04482	18.1
17.46	0.04488	18.23
17.47	0.04489	18.26
17.58	0.04517	18.27
17.59	0.0452	18.29
17.66	0.04537	18.38
17.66	0.04537	18.43
17.7	0.04547	18.45
17.71	0.04551	18.8
17.73	0.04555	18.95
17.81	0.04577	18.98
17.84	0.04584	19.03
17.84	0.04584	19.14
17.85	0.04587	19.25
17.89	0.04598	19.34
17.89	0.04598	19.37
17.9	0.04599	19.52
17.9	0.04599	19.74
17.95	0.04612	19.79
18.06	0.04641	19.79
18.1	0.04651	19.98
18.14	0.04662	20.05
18.17	0.0467	20.08
18.19	0.04674	20.29
18.26	0.04693	20.56
18.36	0.04717	20.65
18.38	0.04724	20.69
18.45	0.0474	20.71
18.45	0.04741	20.73
18.48	0.04748	21.03
18.51	0.04756	21.07
18.51	0.04756	21.2
18.52	0.04758	21.24
18.58	0.04775	21.85
18.58	0.04774	21.93
18.6	0.0478	21.97
18.63	0.04786	22.15
18.74	0.04817	22.19
18.74	0.04816	22.27
18.78	0.04826	22.36
18.81	0.04834	22.44
18.83	0.04838	22.54
18.86	0.04845	22.64
18.89	0.04855	22.73
18.91	0.0486	22.89
18.94	0.04867	23.17
18.95	0.04869	23.24
18.96	0.04873	23.3
19	0.04883	23.32
19.03	0.0489	23.43
19.03	0.0489	24.06
19.04	0.04891	24.12
19.08	0.04904	24.51
19.11	0.04911	24.52
19.13	0.04916	24.59
19.18	0.04927	25.32
19.24	0.04944	27.62
19.26	0.04949	28.07
19.26	0.04949	31.99
19.29	0.04956	32.28
19.36	0.04974	33.56
19.42	0.04989	34.04
19.44	0.04996	38.57
