15.59
13.42
17.38
14.13
16.55
11.61
13.78
15.14
11.9
11.77
9.52
16.7
13.4
17.59
14.39
13.78
8.2
16.25
14.75
7.06
13.2
15.93
16.36
8.63
14.15
13.38
18.93
13.52
15.86
10.82
13.93
12.08
11.15
10.03
11.91
13.6
12.98
18.57
13.64
16.26
17.89
12.18
15.45
15.06
17.08
15.45
11.41
10.72
20.08
8.62
14.19
9.43
18.14
13.22
18.01
17.68
15.81
12.39
17.66
11.57
14.77
17.27
12.11
16.95
11.93
12.56
12.06
18.92
13.45
13.69
15.51
16.82
20.31
18.32
15.39
19.01
11.41
7.82
13.33
14.78
11.39
16.61
13.57
18.23
17.47
16.25
11.61
14.17
8.32
19.11
12.51
17.4
14.32
15.27
10.12
15.81
19.84
15.75
19.85
11.91
14.93
16.45
14.96
12.12
12.53
13.23
14.45
12.56
15.81
19.67
17.01
18.45
12.85
14.08
17.65
14.98
18.75
14.65
12.96
5.61
15.91
16.75
18.85
8.43
17.45
13.48
22.38
14.72
51.3
17.39
11.56
13.74
12.9
18.73
15.11
18.48
14.3
14.92
13.97
14.37
15.57
17.8
22.53
14.48
2.6
11.33
14.85
12.63
18.53
7.65
10.82
13.93
12.08
11.15
44.28
10.03
11.91
13.6
12.98
18.57
13.64
16.26
17.89
12.18
15.45
15.06
17.08
34.2
15.45
11.41
10.72
20.08
8.62
14.19
9.43
18.14
13.22
18.01
17.68