242.1500303
167.2764553
537.220568
379.2611096
695.9317349
387.8946085
968.7482421
742.0543808
696.0076992
751.8727873
410.6545688
558.7185306
296.1169622
264.1327291
650.5655855
578.061411
335.2594097
699.184068
990.6013164
450.1475556
369.0039766
747.8301797
534.5341577
357.0362774
212.1255887
595.7045727
1094.779804
445.7529646
730.166885
695.1724172
546.6015716
430.2326314
424.2212256
476.5628092
387.6659999
635.0922504
291.3834744
790.2105467
683.8859636
705.0722344
744.0696867
605.6245673
955.9517766
312.5101403
381.1660487
438.4993614
428.1978996
823.5484995
327.0659213
416.4910813
908.4744434
369.4510822
539.7794862
567.0180376
642.4089195
643.6007959
285.7358003
401.8790678
639.7352842
934.0003318
628.3042695
596.043694
233.2574817
425.7277876
299.9679781
226.6298876
996.6577135
463.8841808
178.4172927
561.2645018
670.942805
353.2877009
676.2344049
569.2666863
914.0601086
352.3365555
384.4860466
805.3619313
665.924357
776.3150666
454.504112
450.0207471
394.357155
846.8404705
792.4163983
410.3775609
770.9571146
198.3222745
769.0141821
349.5452227
689.6565594
149.7721876
683.586638
530.445177
556.9845129
261.955631
267.1187713
513.1021349
628.3692165
312.2938274
515.6992591
363.2949773
202.9136008
737.6287704
253.5263816
406.6916734
517.8186757
511.8620718
517.9145517
239.6692135
376.9740985
854.3523931
587.8376815
472.3658074
591.7161354
730.5056436
818.3510157
526.2543452
540.4653853
198.4589031
630.5145548
436.6008067
206.653924
492.9901833
259.1607888
571.6701267
709.244676
512.4473007
459.798036
810.237469
393.1501046
449.6051672
592.9710612
593.3008091
260.1943646
689.5390707
771.1958899
619.0133974
367.9424508
578.9392965
694.4023721
667.9455929
244.5607567
522.0305042
671.5177267
272.4035153
506.9075573
402.2906905
355.9289582
270.9255561
1010.665919
483.5264859
593.0404773
731.3884878
613.474445
404.2381113
523.619286
685.8695978
447.8679209
267.5549648
626.166583
798.4130335
398.0076913
513.058277
329.6585212
398.971978
560.1116278
504.968902
140.8044137
341.0654051
427.6679913
455.7929493
646.1159886
714.8492578
230.4993362
531.5675554
750.0403634
554.3292364
954.9770818
451.1724332
522.4852938
482.7294655
296.4607441
175.9656824
679.8741603
395.280668
447.4128127
308.0940845
1145.234924
532.7863746
327.4681653
614.4284636
414.1940196
895.0151428
326.2083043
522.784632
618.3497001
352.3297943
433.8250009
612.3431865
179.5337651
789.1607857
349.0234325
338.9475549
453.6300546
275.6946284
399.6205083
1012.920368
943.8065152
575.5068692
446.0632421
626.0424418
358.8860995
450.2518402
342.6060505
497.9518801
221.456794
759.688423
203.622486
441.4028475
162.4756256
325.698309
518.1665083
336.0443637
583.8963842
231.0366306
275.0854977
330.286687
352.8096591
844.1155783
838.3270291
935.8372817
383.0101009
637.447002
1079.80193
548.3141828
636.0016751
423.9390718
438.8612917
606.9975038
324.0826295
125.7522752
438.8253488
676.5585077
377.7590383
572.5225681
180.5968205
707.8512957
258.6968706
700.4557093
396.1209
424.0125888
787.2439294
740.921244
759.7430082
466.2850759
240.386416
679.1827098
508.3855543
872.6478918
545.7921247
793.5378186
928.4895442
729.8704183
583.3569795
837.7272663
433.0404641
479.8474935
542.1532247
630.1508602
612.2227691
570.2224176
210.7320406
491.2592809
545.7192957
383.7711331
656.8333895
677.1112742
547.4532597
240.4597573
299.9291406
256.1924406
483.4120509
453.9839734
294.9862643
64.64271356
569.0710143
970.6901903
354.3301862
624.2043573
744.7573481
591.7557585
326.6807426
502.8399944
756.3775048
1384.371969
754.3601345
289.8615005
420.9547442
557.5991813
796.2827705
809.5743763
540.887808
265.1153511
576.3184612
868.0934887
449.6060249
584.6101383
526.5891469
354.5224355
512.0886655
403.5629628
442.6490893
95.50682947
881.3868093
566.9706806
768.8662192
464.5087951
730.28431
310.5754195
346.5041399
232.3975898
313.9521645
801.4152348
329.6353855
361.9668743
387.5463596
572.8621741
913.4596821
352.9377195
197.7529419
389.2688783
409.943489
414.879046
1112.106514
532.4368908
624.6655161
652.2060744
963.0163295
302.2272542
939.3027482
471.8093415
783.9375464
623.5108549
674.2797404
407.0897111
300.8190177
792.318103
620.3387983
195.3628272
544.3502108
573.9066675
490.1516548
710.8080922
713.2652058
336.2531065
437.9590038
647.8350854
248.0004877
397.1666086
349.6227683
312.9490071
405.8929301
1101.194402
596.1736545
258.9086398
436.8040189
264.8936323
620.1745569
787.0248505
546.7159308
387.2224387
409.95447
690.236189
621.2279389
694.5444732
737.4695478
793.7942879
808.9352124
331.0577464
691.9709699
902.5308765
567.0351315
1097.145918
402.7296514
402.6129953
191.3974331
524.523215
678.0281273
474.7161567
79.67105611
559.477022
426.8147685
541.5120553
570.660543
347.7910666
550.58771
710.2326773
389.8613473
763.5673393
1020.357225
395.4215423
194.9379548
384.495372
659.2248749
396.9385076
334.9600521
308.5297196
976.9466951
430.7628354
440.5692176
517.6554572
754.4227076
686.0292584
504.6667217
361.5314626
497.5696262
454.1176543
512.2989845
543.7344788
255.0541654
542.0230315
790.6183547
662.4321031
587.3142541
353.0630419
705.6325574
685.2731118
67.87916676
380.585757
647.9908769
436.0122616
288.0170779
597.9642576
364.8397188
645.8394906
486.0429965
547.8157123
272.6059034
794.1820051
613.4809851
319.1055738
277.2617856
353.6294978
427.9288017
572.5383848
227.258365
195.2001249
778.2827556
655.9258467
733.4176214
435.7730487
533.8495143
530.3707811
515.3856769
636.0437054
572.5800743
694.3691381
372.4730129
201.191258
513.183016
535.3964534
609.1877636
677.9963939
313.3452511
498.3649956
497.5474656
566.4973871
328.1263573
349.8232649
177.4072212
335.1518129
400.6562546
568.4102064
980.379665
246.843438
229.395983
907.7036615
751.8139394
477.582253
334.4883875
406.6768462
594.3720674
883.5645625
346.1089784
1083.311684
862.5677833
373.8454663
701.1619451
632.7242651
731.783142
651.9433313
654.2086954
287.2140593
544.3137552
587.9298033
966.6475108
488.9730679
752.7035546
625.5497554
78.56269237
412.6674876
344.5120298
396.5522696
335.8704966
721.7512271
519.5633879
508.3196013
843.7826865
450.5213722
577.9436543
517.8972669
434.4839878
137.69951
379.6402839
67.51294746
414.5356047
399.9640682
380.969735
496.40749
642.2045582
510.258496
698.9529225
521.8356675
164.4115744
574.9260496
464.2166979
785.9642945
276.6529831
469.1716589
692.3639447
136.6935042
484.1928169
944.3106712
578.5671518
406.538659
490.2200691
859.4553794
404.0114877
526.2847142
537.3428496
289.0424649
402.4907051
512.4583485
757.6013929
64.98501496
409.3682738
323.1641525
709.076267
217.606729
422.9506281
680.7965881
485.8944718
787.2207608
651.3422158
426.0389645
536.4714098
853.0986594
809.6886447
699.0231051
345.6706916
597.0471779
179.7598994
560.6816751
400.006953
362.388132
580.2185702
699.9599601
495.51478
742.100388
339.9628707
468.6607604
592.919394
301.0345579
688.6076452
752.6546756
561.2438295
222.4811703
269.822534
429.1983993
313.9316711
558.29195
369.7492801
440.002921
358.5218258
547.9333993
423.5779615
1034.113312
644.2538428
473.0150868
619.7265154
443.555023
369.4751548
427.3413791
396.6850415
348.3224467
630.0579858
547.0728158
459.5363057
514.7339784
347.9678363
587.7567042
945.8619599
613.3401816
432.1791447
110.8944406
506.5858589
769.4112019
656.2077326
594.9814393
664.414537
804.7475037
680.5078838
693.2520176
207.580134
521.8971998
833.7608221
1033.802321
576.8969359
593.853768
546.8942809
273.9113882
834.6542584
505.5183042
492.5368262
640.552878
438.6936607
424.0264715
407.8303196
568.4326517
516.4744813
615.6254607
175.4191617
331.0570554
921.90234
377.8468954
647.5487652
322.6799079
149.4642088
400.0277947
244.7126899
411.8917486
674.8293068
609.115671
506.9999508
715.5364739
795.7201808
501.841098
167.0897142
779.7655688
858.0792833
396.2230271
471.2543406
738.9230681
649.3476658
640.3546236
133.1737674
696.6365067
546.0940035
442.2675956
626.6495314
152.8981095
234.4432365
689.159507
539.7822519
503.9351034
574.8959008
425.7009187
735.7387306
798.5916907
695.1592163
415.6207902
422.7929682
415.2146806
713.6856058
306.0203035
578.5945568
761.5602325
353.0575378
617.6034514
244.6365764
365.2603844
384.4764779
642.8264196
495.3163733
786.1064412
818.845655
705.1907821
605.7616402
257.5208157
387.4627126
393.8565647
177.3939779
378.7264355
613.7993994
650.0112109
193.8824052
299.9943363
631.5320843
837.9974767
505.0696277
401.5837272
225.2265708
643.1305181
211.9688357
687.3780023
170.5705767
921.4591185
361.8946519
452.4410386
305.9142638
424.4532341
449.4555075
439.9781652
570.6204233
623.7736464
632.9645366
424.9495536
438.5535044
457.8371676
617.5416583
708.2312573
615.6478798
444.4217455
500.9097604
667.6949785
749.0301571
134.0436262
586.3615678
486.7011399
618.8281996
278.6067178
682.6897671
761.7971666
996.2858822
573.8557989
683.6815666
124.80465
466.2751757
634.6905252
260.4099407
224.2929471
220.3889451
466.8563994
536.8527132
202.2477749
712.4780943
620.3007393
303.1896718
390.8587826
501.0547733
975.9780888
582.6530181
475.3363672
321.9928444
312.3861114
733.0508736
681.4389327
325.4000534
412.1853374
560.288375
313.3600844
710.4299127
426.3375248
544.9731964
306.627544
392.7365703
632.3309004
738.5462985
404.8157252
800.854346
436.5917874
700.5290148
967.906917
291.8821866
503.1198552
548.1344491
572.9633021
302.2094594
680.3172222
613.1186038
607.3324341
612.2808668
440.7793039
678.3944898
461.6374851
396.3492448
578.0393441
511.0731296
424.0522843
558.7111821
710.626673
198.731389
320.5107043
442.7173571
601.1164976
434.2576373
193.23264
593.1967734
221.7151886
179.5569885
348.1659759
856.506471
788.4449177
381.3863013
613.8337179
626.7502301
492.0501674
106.0143101
194.7828144
731.7159628
379.9799935
300.4022487
916.1679787
363.9462205
580.4819612
489.8483097
416.133899
255.1717037
455.9935398
600.3687433
174.3588029
697.839496
376.8686525
576.1249614
245.9858647
641.4404178
740.7030748
280.3150075
817.4215419
908.6156339
425.5303512
469.5379154
205.453699
782.2663305
205.4173476
468.8847832
871.7009452
642.2583137
661.7658383
336.8140404
417.5440768
372.6711479
163.3981179
614.3426286
234.4046217
561.1033252
370.2231358
157.3400304
594.2176921
220.1235709
265.0677797
327.1889195
468.6170555
398.3124644
454.5217395
582.9890761
407.6628942
564.3821147
732.424149
641.128791
314.6107777
1025.999692
811.0885948
419.6545618
508.9711864
805.1827966
347.595942
911.2379537
639.3166259
549.9846119
295.7595308
643.4024117
564.8496436
316.6652283
336.5537915
247.7773052
738.3042249
739.4543719
236.4456113
605.9750119
664.1708058
290.5616094
730.4791099
438.0425152
370.8051395
755.5196324
723.6740119
716.4438343
609.8183396
421.9691577
769.2546362
255.9108253
636.421888
566.8756653
358.4167533
329.8165712
589.6082321
459.2516851
820.0837571
473.5111209
208.6528017
318.965855
633.0922904
599.1097636
630.2206942
304.5282032
269.7528314
685.0639843
217.7627673
274.0824374
790.6023022
1169.332777
784.1446622
526.9837738
288.0208559
535.0433248
206.8608032
286.3163548
748.0752115
989.8046147
201.5328893
426.0815101
235.6404692
154.8440405
737.758488
826.6137641
255.025819
747.1388809
444.2202034
215.2435605
475.9045211
383.3313388
190.8157012
880.4677319
808.6206382
599.5265373
485.4535325
706.3380789
319.0222208
643.2804951
636.0728664
403.13659
844.0404347
707.1567669
260.5286696
750.3685191
276.2814103
361.3760961
415.3820177
361.266002
464.9722341
430.9574644
407.2700858
476.8725436
495.3506399
415.6848174
639.5175527
268.8955815
497.6881181
609.9654823
789.7447704
456.0026761
657.3220987
401.5080509
545.5995362
137.9407948
659.6317759
778.2616974
885.0935482
369.3956938
394.4402904
717.6345323
759.3255402
442.6022986
493.8467791
610.6707978
306.4470498
443.0663982
735.9781364
580.8052787
641.2931195
339.7336416
296.5285145
770.0278818
395.0646595
280.8242504
565.6604894
724.0971804
599.3358576
567.1424433
228.7547154
442.8242018
279.9262584
507.7277129
476.1341456
324.7918363
697.356032
321.6581698
560.9168259
488.8381454
472.2809346
663.3461119
463.6383443
570.2436127
1051.489085
690.4651917
655.9686076
325.4552301
440.6244593
314.5745958
784.6911052
661.6159189
829.719169
337.8903535
237.5346486
594.5686595
317.7231445
311.2255915
814.1375297
538.1352948
721.7309804
440.9328984
330.7864829
557.1637452
687.5832593
513.3643201
337.1707337
227.236896
1159.229206
436.0100491
735.3953595
620.2033226
575.9393572
497.9055442
791.1409154
676.7342647
744.6446416
159.4299783
491.5990856
514.8137236
677.7768907
785.1730986
597.4257922
409.3945191
575.5342124
227.9718493
285.5039863
679.9009081
482.5027321
489.2508563
649.3378285
586.5892893
412.1039679
304.7559229
377.4977968
421.8862807
185.0959333
393.7971803
216.2610207
703.6811123
444.7170978
795.19241
391.0596076
410.7547166
817.6467661
970.9579778
592.9369481
199.5844664
308.0348583
497.5477331
755.4604964
476.7838016
475.7249413
251.6953028
676.2243977
290.6689963
83.53389671
234.6908875
443.6293476
615.2080916
790.19916
601.5306698
592.3595704
208.8261702
618.955059
433.6251372
324.5658141
723.9827539
970.9783742
619.0214914
566.1172915
338.9433511
130.7392041
442.6459987
496.9786622
414.4888669
628.9969272
418.0803345
646.9580682
776.7290004
378.1908167
516.7097538
420.7085657
410.1266089
354.4481942
622.626739
302.8323463
255.8280635
466.5789737
424.3641274
483.1369222
927.3576221
493.3790902
789.7616944
1070.750917
585.5886096
639.9465911
201.9188917
832.7864111
650.4044052
547.1005192
376.3256301
998.8526839
205.4530927
262.0387329
430.3545542
999.0420135
317.0825076
579.1568864
796.7001144
491.2128895
1047.079091
435.9530724
377.1434581
879.1284759
677.2816643
276.8759793
589.50044
585.3395913
428.0411795
393.0545529
575.7953718
394.9675807
800.7978604
648.5209626
328.4446703
765.8355451
744.4515417
694.9945279
227.3421299
207.4177841
652.658968
497.3786125
499.9000573
284.5331731
525.6044854
45.43841274
114.9781774
274.5899451
1057.785717
799.1910829
639.7784947
798.5034051
497.0947105
869.7579327
694.9321618
480.5038726
507.843162
695.0239747
551.6305582
357.7445575
690.4622501
654.2992168
437.1932174
373.5333552
390.0442438
626.0562799
305.7699345
618.2145483
317.6977887
358.2876474
238.0805624
423.9393771
443.0488933
493.5080723
754.1279877
643.7538983
260.8430508
532.6916464
465.9355823
527.019576
338.6523841
1086.239523
249.5568062
272.3114429
860.4231694
581.0795904
687.2230794
565.1506513
488.1827989
409.8612631
716.1859244
1061.256527
631.1118014
1024.590515
423.2998249
806.8872287
805.6087107
426.956893
593.4404687
365.0184319
282.4441983
445.5474413
611.734862
417.4587898
219.9396327
507.5649238
350.7788959
476.6197548
136.5916569
578.3270218
510.6486849
730.9075768
760.261424
455.9339762
410.4956298
495.3167041
314.84086
605.554925
352.2617939
550.5827828
370.4096184
439.2905833
394.5946359
837.0865249
204.3147682
860.6721527
535.3554356
566.9789592
111.6279147
500.5464035
937.5658838
471.1912683
533.9136182
280.7221575
609.2427011
67.83864863
377.7781641
306.5426744
596.4718518
637.2179276
1024.068569
362.1598264
672.6034108
423.1188312
520.0651166
383.8169966
298.9911465
1362.607249
455.6334597
472.932942
453.0919722
342.0446669
156.252879
566.4305286
862.2917297
748.8916001
485.1175347
592.1887292
435.6175066
1022.870824
903.5997344
412.5991157
400.7026125
408.9059456
709.9637401
826.9482673
548.8637499
601.3193206
1002.578523
428.4204509
373.5913741
527.0466256
153.5905394
455.3322603
398.9918649
219.9529133
457.5361278
514.2982172
306.6872635
509.9492664
649.4602768
203.0056589
620.9877449
993.6254325
584.0542057
254.0952461
606.5031391
590.9895648
666.1368993
377.0503553
768.9525336
975.695899
260.701646
509.9178549
428.2758292
762.5185725
674.3018588
694.8717006
522.1297158
272.2895287
573.4698263
535.2900418
541.7962802
435.1126143
305.6592139
350.8207381
558.4863251
472.9915805
478.895666
468.4247505
413.6230382
634.2133789
643.7634697
930.3872683
302.6369016
456.3427404
169.6883015
352.8068919
311.5237037
442.779741
61.22013084
662.6969355
254.138305
403.7859098
554.3543827
392.1423188
635.2834471
629.5774935
447.0028337
587.3041129
405.9426675
452.6124941
619.6261052
339.412058
378.6542943
493.1954006
743.6686898
290.9575479
737.4392461
287.2297931
412.5601206
787.1978383
534.2542914
637.1153547
443.0006092
1258.228285
598.0459244
918.5021916
292.0677861
390.3752681
286.83767
411.5060341
338.5280553
400.6488325
389.3172021
206.5804318
651.7660392
341.9904201
442.5140875
858.9901494
356.7487361
506.7635752
891.5172946
395.877714
273.987109
554.5731829
330.9565364
143.1091867
534.9440792
818.1138442
346.6275059
968.2952677
434.6063452
584.688285
723.2867155
272.355784
1068.778033
591.616624
438.223268
767.8220379
1054.309532
762.2834884
592.0655314
697.3728165
227.9377712
374.98046
340.9637821
304.1782189
306.0924161
358.3173512
423.9283677
618.5541622
603.013488
303.0990942
404.7913678
274.8116531
269.6746996
489.0033938
692.0783649
570.4011143
644.9656422
524.4193351
259.2192986
536.5631457
723.3102211
967.445426
754.4388197
161.7505153
484.1210237
460.7222387
446.0369485
199.6091187
371.5153535
273.6120574
656.9573642
278.5079747
489.4181086
450.6543815
634.4397412
1020.765804
322.4059424
97.97373215
468.2212934
406.106833
554.3377505
417.043179
347.3463915
555.307132
368.8930909
836.027134
637.8433186
449.0656741
354.2582833
764.8391829
742.0833337
680.4781755
820.9374998
601.9592308
626.5162651
880.6270727
513.7515754
454.5281912
271.6868138
782.9200107
572.6392362
443.2827305
513.2349915
693.7477231
370.6290362
642.1585578
590.564396
979.1255206
733.6000065
499.0935713
477.2942512
636.2346117
411.4237251
507.7551668
329.9336817
392.804168
618.2145072
531.0079079
620.277571
92.30600358
592.8984684
430.1484766
660.1264087
353.3083541
304.7918936
349.9538653
804.0208947
428.2267519
266.9294492
395.0184924
274.349173
356.0215871
849.8681624
459.5872232
392.2463089
622.9590213
525.0764796
636.2674669
269.8225764
600.0891886
265.1792706
752.5343678
669.2239814
454.108435
211.1277046
214.9867251
1161.820258
184.7756692
625.2368497
806.9805633
460.4827695
629.8067271
748.1417922
708.1724645
585.9810522
640.3159909
425.1152348
493.6946059
586.6326835
590.4405111
415.5543035
399.0641728
962.0949562
756.7197756
562.4407653
460.4504129
738.7135849
345.6548319
724.0338706
751.3145131
610.8186342
493.6358793
429.3863114
726.9452113
521.6434899
323.8994122
238.7131687
368.7792165
973.01078
293.5199716
465.7775346
363.2767042
117.441185
648.0037816
401.0565294
399.1674027
663.9310194
455.1162237
138.0103587
58.55265013
453.6432074
117.6791343
372.4000842
371.4533744
394.9943224
575.1591848
1048.681
467.6304583
289.785367
624.634478
118.5700314
282.4243605
569.328241
414.5890619
466.7054164
356.5191682
533.3870145
413.1988857
243.4086489
502.8790297
429.8026062
818.3481324
382.7550523
632.3513907
249.6877226
348.4577998
622.7640875
433.0671289
366.5845446
587.7450249
996.50433
553.2974354
816.2116724
402.9826108
478.9703278
446.4948493
524.0398713
640.7419496
674.4240425
546.9711469
418.7175469
656.597639
463.2035885
399.9677239
796.1245615
507.8774788
573.4532576
472.9310718
725.4236146
766.0899613
362.2429518
786.2620471
769.2872163
669.0599454
572.6237034
298.8726042
617.7543574
572.7021999
639.2655407
424.1452163
169.7548861
605.7633432
471.683798
921.2213682
368.9781433
472.6497379
427.1189614
535.1836919
144.6420451
232.0444245
291.2028092
79.49423867
635.2838991
373.7067022
1116.522332
355.9150686
289.017658
832.5656523
286.0985105
784.9773901
595.511624
726.9228376
361.0419098
337.8253747
253.483085
722.1060648
961.7931675
278.943756
950.4095405
488.1621365
472.1959136
613.4516562
450.5806238
560.7132382
243.4624476
529.4954105
609.8629053
499.265098
219.5350129
1080.149835
315.1019172
467.0885591
472.8836154
664.2577111
484.0383863
546.776545
383.0335475
950.5942786
204.3868993
756.2081848
482.9611961
401.7944212
245.2786966
742.9414631
213.2672453
196.6498428
179.5911461
761.7504706
997.548762
465.0245716
526.8134373
267.4499422
595.6122679
1074.969686
512.9207396
822.1718943
459.8331263
634.3557699
592.4072915
606.8059023
633.251056
470.3415666
879.4389688
902.9832441
146.9423782
326.5348112
781.0867767
383.1529858
256.1050248
555.6151479
634.6209888
494.7964818
319.8710524
549.5581228
273.8607368
525.6085647
318.3809397
939.9250614
447.6127969
412.4856763
747.8240569
487.7375286
411.955363
843.8058585
283.6090638
581.8975804
870.9832517
540.0366501
417.1384572
188.0286844
638.2566905
217.7670661
892.779713
557.2954364
627.1224941
386.4473821
307.6713673
721.679712
822.5306181
333.8871219
340.7298459
356.2870708
1261.05541
550.671309
345.0190462
464.3991385
319.4211565
361.9792464
652.7727382
909.434616
447.6427104
502.2289716
824.6172011
534.2606808
658.3819693
622.9037864
202.9225602
364.8755702
720.9102642
557.6358036
541.0323413
418.9184329
230.3784051
726.3918861
525.1140042
457.0110727
1066.289917
496.4798833
177.2738653
531.513745
580.2428806
267.1669939
561.3551329
775.077511
562.0569549
399.7478236
399.1918871
749.3028426
655.7032382
474.7221966
830.6397132
416.0271389
431.4731809
386.4200001
432.7521937
315.7154516
439.218784
557.8812139
560.8951138
444.7374129
376.4135283
201.0609076
325.1619359
731.9471684
543.2248781
255.1479729
395.9753929
323.5534126
498.0428445
427.4164155
923.1574833
355.1955896
369.7987336
513.9084472
659.0480529
488.9116333
508.2069569
549.7982681
434.8681071
603.0942677
453.5825787
507.8277159
258.1135108
326.4955711
478.272668
672.1572628
365.6796643
572.4089597
186.3159121
145.3694773
528.6551993
305.9740243
419.1670694
412.3109845
586.4123635
739.6153718
565.0491113
297.7600783
402.6780687
696.7927335
420.2859037
532.0365555
670.438911
417.5567379
562.2732327
424.4225086
252.0662819
487.3746893
288.1841293
693.2702218
175.6728222
511.2129926
869.4160744
286.1200428
426.3197651
125.7448354
708.2479308
548.9046618
519.7229925
394.330419
443.6016814
353.6262114
279.9985953
538.0243552
180.7479464
934.3592714
603.0946812
474.2986303
749.0657357
183.132999
638.3413078
433.930261
622.2414965
296.5860629
482.1254092
892.3860944
706.4600722
542.9477997
555.4825348
662.4312791
870.7578193
686.1442379
1136.205453
952.8994356
95.9698685
429.0927066
1130.904663
506.1476116
244.4278287
496.0062376
334.9757058
174.5109417
591.835233
241.4137732
669.3452178
369.2202775
454.9708388
491.4044549
263.2300018
884.7545657
761.8649706
236.4871664
58.24273889
466.6555366
312.9219172
532.8120206
914.979805
559.8894315
637.734558
444.2125679
269.7104075
469.0024702
476.7140625
569.0289326
676.5792445
333.9621588
633.8401811
1005.803608
181.4804563
70.83689896
561.2930244
318.8127647
846.8746607
497.5047356
585.8612787
171.4800988
316.6531982
322.1512568
1093.620288
700.8650301
639.6783901
92.77362145
823.5317163
844.4961792
287.1095274
479.5260398
374.555006
609.7321888
904.5660251
412.2521981
569.3871581
298.2151132
364.5499454
348.9397679
891.3813311
355.4309124
499.9123447
843.8168351
391.6634956
334.2444443
263.4739893
650.2334034
509.0554142
510.2626658
586.154543
705.1992645
532.4840669
797.276454
776.9718331
780.9670684
478.9244991
544.3491767
554.9130801
395.8925756
598.5055077
662.7782459
779.7109968
574.8829568
591.3853883
690.3800394
705.1385298
649.5069193
480.3879014
705.2145165
613.5043125
745.5327859
370.2148669
511.7443219
675.6502256
206.0498852
405.4689916
505.8347389
707.1646355
493.6173761
505.0074728
356.9284388
489.9654204
746.1958073
446.6474687
1094.154349
580.9781042
613.7366959
553.4450081
147.5418787
393.4522108
527.4066159
429.1536544
415.699657
383.0402946
489.5410184
362.5124957
263.3214446
631.7206993
468.9301395
394.2105186
240.7122194
624.2732952
591.9585993
1025.331375
342.9832032
204.8140035
1072.675051
173.9206048
540.5202356
626.0484494
866.2340333
598.1946167
303.2401676
481.0271808
301.3812974
736.7015553
529.8958297
305.5689826
232.8257548
802.2948932
430.9686575
1033.365141
488.1241438
755.6560647
659.782974
207.8004625
714.8909111
461.9400516
213.1731444